0.000000 3.040000 1.200000 3.070000 3.120000 1.753333 2.186667 2.480000 2.186667 1.380000 1.826667 2.720000 2.730000 3.200000 1.173333 3.200000 1.860000 1.770000 4.100000 2.870000 1.690000 1.720000 2.170000 3.250000 1.680000 
3.040000 0.000000 3.110000 1.350000 1.900000 2.373333 2.360000 2.560000 2.353333 1.720000 1.286667 1.850000 1.120000 1.440000 1.720000 1.470000 2.206667 2.590000 2.340000 1.810000 3.170000 2.340000 2.980000 1.920000 3.160000 
1.200000 3.110000 0.000000 3.120000 3.170000 1.773333 2.260000 2.560000 2.260000 1.390000 1.866667 2.780000 2.770000 3.240000 1.213333 3.240000 1.853333 1.790000 4.140000 2.920000 1.600000 1.740000 2.140000 3.290000 1.610000 
3.070000 1.350000 3.120000 0.000000 2.020000 2.273333 2.446667 2.530000 2.433333 1.710000 1.373333 1.950000 1.310000 1.200000 1.846667 1.170000 2.366667 2.340000 2.340000 1.920000 3.220000 2.253333 2.730000 2.170000 3.210000 
3.120000 1.900000 3.170000 2.020000 0.000000 2.406667 2.393333 2.580000 2.386667 1.760000 1.473333 2.090000 1.810000 2.020000 2.006667 2.030000 2.400000 2.510000 2.760000 1.080000 3.200000 2.353333 3.080000 1.160000 3.190000 
1.753333 2.373333 1.773333 2.273333 2.406667 0.000000 1.564444 1.800000 1.568889 0.840000 1.333333 1.993333 2.100000 2.380000 0.982222 2.400000 1.155556 1.313333 2.573333 2.253333 1.833333 0.644444 1.573333 2.426667 1.813333 
2.186667 2.360000 2.260000 2.446667 2.393333 1.564444 0.000000 0.853333 0.648889 1.180000 1.413333 2.100000 2.266667 2.460000 1.400000 2.466667 1.586667 1.493333 2.560000 2.313333 2.340000 1.488889 2.160000 2.533333 2.333333 
2.480000 2.560000 2.560000 2.530000 2.580000 1.800000 0.853333 0.000000 0.846667 1.445000 1.433333 2.320000 2.370000 2.800000 1.340000 2.790000 1.846667 2.000000 3.280000 2.480000 2.650000 1.713333 2.360000 2.720000 2.640000 
2.186667 2.353333 2.260000 2.433333 2.386667 1.568889 0.648889 0.846667 0.000000 1.186667 1.400000 2.086667 2.260000 2.453333 1.395556 2.460000 1.591111 1.493333 2.560000 2.306667 2.340000 1.488889 2.173333 2.526667 2.333333 
1.380000 1.720000 1.390000 1.710000 1.760000 0.840000 1.180000 1.445000 1.186667 0.000000 0.943333 1.455000 1.585000 1.875000 0.716667 1.875000 0.666667 1.065000 2.100000 1.675000 1.360000 0.780000 1.050000 1.810000 1.350000 
1.826667 1.286667 1.866667 1.373333 1.473333 1.333333 1.413333 1.433333 1.400000 0.943333 0.000000 0.660000 1.206667 1.306667 1.102222 1.320000 1.333333 1.226667 1.386667 1.386667 1.926667 1.311111 1.713333 1.493333 1.920000 
2.720000 1.850000 2.780000 1.950000 2.090000 1.993333 2.100000 2.320000 2.086667 1.455000 0.660000 0.000000 1.730000 1.990000 1.526667 2.000000 1.986667 1.920000 2.140000 1.980000 2.880000 1.973333 2.480000 2.140000 2.870000 
2.730000 1.120000 2.770000 1.310000 1.810000 2.100000 2.266667 2.370000 2.260000 1.585000 1.206667 1.730000 0.000000 1.250000 1.566667 1.320000 2.093333 2.190000 2.180000 1.700000 2.820000 2.080000 2.710000 1.870000 2.810000 
3.200000 1.440000 3.240000 1.200000 2.020000 2.380000 2.460000 2.800000 2.453333 1.875000 1.306667 1.990000 1.250000 0.000000 1.773333 0.820000 2.473333 2.530000 2.400000 1.920000 3.330000 2.360000 2.920000 2.200000 3.320000 
1.173333 1.720000 1.213333 1.846667 2.006667 0.982222 1.400000 1.340000 1.395556 0.716667 1.102222 1.526667 1.566667 1.773333 0.000000 1.793333 1.071111 0.880000 2.360000 1.786667 1.193333 0.911111 1.060000 2.006667 1.193333 
3.200000 1.470000 3.240000 1.170000 2.030000 2.400000 2.466667 2.790000 2.460000 1.875000 1.320000 2.000000 1.320000 0.820000 1.793333 0.000000 2.486667 2.530000 2.440000 1.930000 3.330000 2.373333 2.930000 2.210000 3.320000 
1.860000 2.206667 1.853333 2.366667 2.400000 1.155556 1.586667 1.846667 1.591111 0.666667 1.333333 1.986667 2.093333 2.473333 1.071111 2.486667 0.000000 1.340000 2.760000 2.253333 1.840000 1.120000 1.366667 2.473333 1.826667 
1.770000 2.590000 1.790000 2.340000 2.510000 1.313333 1.493333 2.000000 1.493333 1.065000 1.226667 1.920000 2.190000 2.530000 0.880000 2.530000 1.340000 0.000000 3.220000 2.330000 1.760000 1.333333 1.360000 2.610000 1.740000 
4.100000 2.340000 4.140000 2.340000 2.760000 2.573333 2.560000 3.280000 2.560000 2.100000 1.386667 2.140000 2.180000 2.400000 2.360000 2.440000 2.760000 3.220000 0.000000 2.460000 4.520000 2.693333 4.400000 2.640000 4.500000 
2.870000 1.810000 2.920000 1.920000 1.080000 2.253333 2.313333 2.480000 2.306667 1.675000 1.386667 1.980000 1.700000 1.920000 1.786667 1.930000 2.253333 2.330000 2.460000 0.000000 2.970000 2.206667 2.880000 1.110000 2.960000 
1.690000 3.170000 1.600000 3.220000 3.200000 1.833333 2.340000 2.650000 2.340000 1.360000 1.926667 2.880000 2.820000 3.330000 1.193333 3.330000 1.840000 1.760000 4.520000 2.970000 0.000000 1.873333 2.390000 3.380000 1.000000 
1.720000 2.340000 1.740000 2.253333 2.353333 0.644444 1.488889 1.713333 1.488889 0.780000 1.311111 1.973333 2.080000 2.360000 0.911111 2.373333 1.120000 1.333333 2.693333 2.206667 1.873333 0.000000 1.600000 2.380000 1.853333 
2.170000 2.980000 2.140000 2.730000 3.080000 1.573333 2.160000 2.360000 2.173333 1.050000 1.713333 2.480000 2.710000 2.920000 1.060000 2.930000 1.366667 1.360000 4.400000 2.880000 2.390000 1.600000 0.000000 3.050000 2.360000 
3.250000 1.920000 3.290000 2.170000 1.160000 2.426667 2.533333 2.720000 2.526667 1.810000 1.493333 2.140000 1.870000 2.200000 2.006667 2.210000 2.473333 2.610000 2.640000 1.110000 3.380000 2.380000 3.050000 0.000000 3.380000 
1.680000 3.160000 1.610000 3.210000 3.190000 1.813333 2.333333 2.640000 2.333333 1.350000 1.920000 2.870000 2.810000 3.320000 1.193333 3.320000 1.826667 1.740000 4.500000 2.960000 1.000000 1.853333 2.360000 3.380000 0.000000 
